patient,window,alpha,stride,corr
trio1,2,0.01,5,0.228354605368286
trio2,2,0.01,5,-0.08263356382525658
trio3,2,0.01,5,0.3887727324758027
trio4,2,0.01,5,0.005860342317420681
trio1,4,0.01,5,0.11376514272231986
trio2,4,0.01,5,0.13804562414532878
trio3,4,0.01,5,0.49017814826612366
trio4,4,0.01,5,0.05357676013182502
trio1,6,0.01,5,0.12968254781723387
trio2,6,0.01,5,0.2708724304012845
trio3,6,0.01,5,0.5312381548065374
trio4,6,0.01,5,0.1349784827445611
trio1,8,0.01,5,0.16408170293818836
trio2,8,0.01,5,0.2582775164405813
trio3,8,0.01,5,0.4912207725734315
trio4,8,0.01,5,0.17000306299757306
trio1,10,0.01,5,0.1863515350963941
trio2,10,0.01,5,0.20925688375478257
trio3,10,0.01,5,0.46688304158564414
trio4,10,0.01,5,0.20291108229889246
trio1,12,0.01,5,0.32440531685945106
trio2,12,0.01,5,0.1499686461214744
trio3,12,0.01,5,0.4581989129489148
trio4,12,0.01,5,0.15029372804531083
trio1,14,0.01,5,0.33591043504487617
trio2,14,0.01,5,0.15436043342733072
trio3,14,0.01,5,0.48767623007014443
trio4,14,0.01,5,0.09146117367134934
trio1,16,0.01,5,0.26214946662986727
trio2,16,0.01,5,0.15125195425254967
trio3,16,0.01,5,0.5315843230364208
trio4,16,0.01,5,0.09884365295146644
trio1,18,0.01,5,0.2103919917937819
trio2,18,0.01,5,0.13881029255122468
trio3,18,0.01,5,0.5671066766289468
trio4,18,0.01,5,0.12627745556137224
trio1,20,0.01,5,0.16610028835196247
trio2,20,0.01,5,0.1455425073653131
trio3,20,0.01,5,0.5705128748060467
trio4,20,0.01,5,0.1327601160018084
trio1,25,0.01,5,0.030495537924076707
trio2,25,0.01,5,0.09706382763628775
trio3,25,0.01,5,0.5940553837044261
trio4,25,0.01,5,0.004669648041126115
trio1,30,0.01,5,0.038879438855292076
trio2,30,0.01,5,0.09948076510937501
trio3,30,0.01,5,0.6125848437826518
trio4,30,0.01,5,-0.0764173921905959
trio1,2,0.01,10,0.21540006222094082
trio2,2,0.01,10,-0.031651449453204326
trio3,2,0.01,10,0.372736504974849
trio4,2,0.01,10,0.008084273464246963
trio1,4,0.01,10,0.12205578338278927
trio2,4,0.01,10,0.12473084600277716
trio3,4,0.01,10,0.4947655804938587
trio4,4,0.01,10,0.07132701530639363
trio1,6,0.01,10,0.1301504174659996
trio2,6,0.01,10,0.2184702705669288
trio3,6,0.01,10,0.5424888888207076
trio4,6,0.01,10,0.16051442855313197
trio1,8,0.01,10,0.15356804179280484
trio2,8,0.01,10,0.19124238504105529
trio3,8,0.01,10,0.4935708878141715
trio4,8,0.01,10,0.1796857135658218
trio1,10,0.01,10,0.1790675533231808
trio2,10,0.01,10,0.16594800604518803
trio3,10,0.01,10,0.47033191262273066
trio4,10,0.01,10,0.2137040027618798
trio1,12,0.01,10,0.3217698737883962
trio2,12,0.01,10,0.1196804781270169
trio3,12,0.01,10,0.4599244760561856
trio4,12,0.01,10,0.16906558392723522
trio1,14,0.01,10,0.3358471180672381
trio2,14,0.01,10,0.12634356854922588
trio3,14,0.01,10,0.49301674100799253
trio4,14,0.01,10,0.1091103192054815
trio1,16,0.01,10,0.2594367148938471
trio2,16,0.01,10,0.1254088768085523
trio3,16,0.01,10,0.5373278741998837
trio4,16,0.01,10,0.11400848141200719
trio1,18,0.01,10,0.21510947193872174
trio2,18,0.01,10,0.12002235015131986
trio3,18,0.01,10,0.5772698618436062
trio4,18,0.01,10,0.1459513321986549
trio1,20,0.01,10,0.16416254591850427
trio2,20,0.01,10,0.1277641818027155
trio3,20,0.01,10,0.5858687618180548
trio4,20,0.01,10,0.14754380302078401
trio1,25,0.01,10,0.03674830604868991
trio2,25,0.01,10,0.0851788187348031
trio3,25,0.01,10,0.5920802806087377
trio4,25,0.01,10,0.02571622555283709
trio1,30,0.01,10,0.04607140524540529
trio2,30,0.01,10,0.08531591730698071
trio3,30,0.01,10,0.6170842353678766
trio4,30,0.01,10,-0.05586460642097781
trio1,2,0.01,20,0.16855115001165333
trio2,2,0.01,20,-0.11041496147503901
trio3,2,0.01,20,0.3002455604095719
trio4,2,0.01,20,0.0633454742835612
trio1,4,0.01,20,0.12919485327970792
trio2,4,0.01,20,0.09838934891195072
trio3,4,0.01,20,0.4585002876882772
trio4,4,0.01,20,0.09292811013435115
trio1,6,0.01,20,0.12685130978570236
trio2,6,0.01,20,0.2150968843865293
trio3,6,0.01,20,0.5433627276356214
trio4,6,0.01,20,0.14966804003476214
trio1,8,0.01,20,0.16151058849846509
trio2,8,0.01,20,0.2065178926471683
trio3,8,0.01,20,0.5063492638667735
trio4,8,0.01,20,0.17510041788865482
trio1,10,0.01,20,0.19477786912325223
trio2,10,0.01,20,0.15208552109117504
trio3,10,0.01,20,0.48565955834377744
trio4,10,0.01,20,0.21945580844871937
trio1,12,0.01,20,0.31549578891891006
trio2,12,0.01,20,0.11689833162329871
trio3,12,0.01,20,0.4730948508150455
trio4,12,0.01,20,0.1806645979316689
trio1,14,0.01,20,0.32103066513784856
trio2,14,0.01,20,0.11946490293800877
trio3,14,0.01,20,0.502308356164866
trio4,14,0.01,20,0.11971765579749111
trio1,16,0.01,20,0.2404206494481915
trio2,16,0.01,20,0.11182438615573642
trio3,16,0.01,20,0.5373102903952376
trio4,16,0.01,20,0.11646897668337855
trio1,18,0.01,20,0.19872390271601342
trio2,18,0.01,20,0.09645422903357051
trio3,18,0.01,20,0.5771839518166748
trio4,18,0.01,20,0.1444894162932546
trio1,20,0.01,20,0.15530044392802655
trio2,20,0.01,20,0.09413940050273273
trio3,20,0.01,20,0.5839251556968601
trio4,20,0.01,20,0.14761304790789884
trio1,25,0.01,20,0.03277181067437676
trio2,25,0.01,20,0.05532775629178062
trio3,25,0.01,20,0.5877668414701388
trio4,25,0.01,20,0.026760387904865506
trio1,30,0.01,20,0.045697718429904666
trio2,30,0.01,20,0.0746330412653649
trio3,30,0.01,20,0.6115790309539749
trio4,30,0.01,20,-0.044228223293132266
trio1,2,0.01,50,-0.014933484148994616
trio2,2,0.01,50,0.10463530001030255
trio3,2,0.01,50,0.09633365070985499
trio4,2,0.01,50,0.030468439067118387
trio1,4,0.01,50,0.07755268068213121
trio2,4,0.01,50,0.10193111810899416
trio3,4,0.01,50,0.3463134186744494
trio4,4,0.01,50,0.08196246728731399
trio1,6,0.01,50,0.16464193392092286
trio2,6,0.01,50,0.13736716597090143
trio3,6,0.01,50,0.4725177938424669
trio4,6,0.01,50,0.1419909204831894
trio1,8,0.01,50,0.1764567569148699
trio2,8,0.01,50,0.18504286040823506
trio3,8,0.01,50,0.43383367739199835
trio4,8,0.01,50,0.16324919439021773
trio1,10,0.01,50,0.2068710308841584
trio2,10,0.01,50,0.1785898408124728
trio3,10,0.01,50,0.42722345104162196
trio4,10,0.01,50,0.19485671596775284
trio1,12,0.01,50,0.28707690324842605
trio2,12,0.01,50,0.1830812229401254
trio3,12,0.01,50,0.4166351372672987
trio4,12,0.01,50,0.15395074638251494
trio1,14,0.01,50,0.28665703050125513
trio2,14,0.01,50,0.17922171606045598
trio3,14,0.01,50,0.44406194941310656
trio4,14,0.01,50,0.11151164493097851
trio1,16,0.01,50,0.21797987735104782
trio2,16,0.01,50,0.18719161493114034
trio3,16,0.01,50,0.48047207718034607
trio4,16,0.01,50,0.1012895897880859
trio1,18,0.01,50,0.18839416389349128
trio2,18,0.01,50,0.1821063015246773
trio3,18,0.01,50,0.5383002625211764
trio4,18,0.01,50,0.12177474144158215
trio1,20,0.01,50,0.12806560343380427
trio2,20,0.01,50,0.17713772873073877
trio3,20,0.01,50,0.5574027159188413
trio4,20,0.01,50,0.12591695426530153
trio1,25,0.01,50,0.03894079549961324
trio2,25,0.01,50,0.07328522919921808
trio3,25,0.01,50,0.5798178939494124
trio4,25,0.01,50,0.0053274131504693345
trio1,30,0.01,50,0.046442385279723934
trio2,30,0.01,50,0.0805665616255256
trio3,30,0.01,50,0.5931976708065554
trio4,30,0.01,50,-0.02954220021387039
trio1,2,0.01,100,0.01534624334120097
trio2,2,0.01,100,0.07744756368456013
trio3,2,0.01,100,0.21815090924387545
trio4,2,0.01,100,0.08268203328316495
trio1,4,0.01,100,0.0007060668133443901
trio2,4,0.01,100,0.20979231809982543
trio3,4,0.01,100,0.11307326476708876
trio4,4,0.01,100,0.15044815926085559
trio1,6,0.01,100,0.11081399897139821
trio2,6,0.01,100,-0.11967767709906882
trio3,6,0.01,100,0.24930933139255432
trio4,6,0.01,100,0.16207090196737145
trio1,8,0.01,100,0.15795603392287583
trio2,8,0.01,100,0.046182101461994654
trio3,8,0.01,100,0.31973639546733146
trio4,8,0.01,100,0.14294592238592982
trio1,10,0.01,100,0.18830364957243767
trio2,10,0.01,100,0.15470331581683366
trio3,10,0.01,100,0.3268482477577199
trio4,10,0.01,100,0.15534302727295551
trio1,12,0.01,100,0.22859273213671588
trio2,12,0.01,100,0.13185837650176596
trio3,12,0.01,100,0.32056648368200225
trio4,12,0.01,100,0.1164715131919781
trio1,14,0.01,100,0.2386618299477421
trio2,14,0.01,100,0.14364781732759024
trio3,14,0.01,100,0.3648478788940731
trio4,14,0.01,100,0.09506447807796613
trio1,16,0.01,100,0.163909383916504
trio2,16,0.01,100,0.13338144269222024
trio3,16,0.01,100,0.39458131114488193
trio4,16,0.01,100,0.09697600450299401
trio1,18,0.01,100,0.15050687006513727
trio2,18,0.01,100,0.1140875197410652
trio3,18,0.01,100,0.44489602010220397
trio4,18,0.01,100,0.09967645649796936
trio1,20,0.01,100,0.0785722624755726
trio2,20,0.01,100,0.1334048026496632
trio3,20,0.01,100,0.4642701628813195
trio4,20,0.01,100,0.10476568232990867
trio1,25,0.01,100,-0.04368124276202011
trio2,25,0.01,100,0.06201620543844873
trio3,25,0.01,100,0.5138779845630824
trio4,25,0.01,100,0.07393860063892374
trio1,30,0.01,100,-0.06054223558894495
trio2,30,0.01,100,0.10167525989058572
trio3,30,0.01,100,0.5597727588829229
trio4,30,0.01,100,0.03328714706422946
trio1,2,0.1,5,0.22835484731568984
trio2,2,0.1,5,-0.08262868221509972
trio3,2,0.1,5,0.3887745478005352
trio4,2,0.1,5,0.005860252671779025
trio1,4,0.1,5,0.11376507529747099
trio2,4,0.1,5,0.13804905469623968
trio3,4,0.1,5,0.49017902416873965
trio4,4,0.1,5,0.05357683787702408
trio1,6,0.1,5,0.12968258147259526
trio2,6,0.1,5,0.2708731336098555
trio3,6,0.1,5,0.5312384955464051
trio4,6,0.1,5,0.13497860392492367
trio1,8,0.1,5,0.16408181186461832
trio2,8,0.1,5,0.2582779069269472
trio3,8,0.1,5,0.49122096962003897
trio4,8,0.1,5,0.17000320640487218
trio1,10,0.1,5,0.18635175890425654
trio2,10,0.1,5,0.20925723483375658
trio3,10,0.1,5,0.46688315988563744
trio4,10,0.1,5,0.20291111886416183
trio1,12,0.1,5,0.3244054334119565
trio2,12,0.1,5,0.14996890085843406
trio3,12,0.1,5,0.4581990095046451
trio4,12,0.1,5,0.15029374315367183
trio1,14,0.1,5,0.3359105041088782
trio2,14,0.1,5,0.15436062523326438
trio3,14,0.1,5,0.4876763209544297
trio4,14,0.1,5,0.09146118183532603
trio1,16,0.1,5,0.2621495723837207
trio2,16,0.1,5,0.15125212158964524
trio3,16,0.1,5,0.5315843952554027
trio4,16,0.1,5,0.0988436625435825
trio1,18,0.1,5,0.21039211218325424
trio2,18,0.1,5,0.13881049869311998
trio3,18,0.1,5,0.5671067481726073
trio4,18,0.1,5,0.12627743523116136
trio1,20,0.1,5,0.16610036503540757
trio2,20,0.1,5,0.14554267207510177
trio3,20,0.1,5,0.5705129464489647
trio4,20,0.1,5,0.1327601014363853
trio1,25,0.1,5,0.030495567443850957
trio2,25,0.1,5,0.09706387834156592
trio3,25,0.1,5,0.5940554240772971
trio4,25,0.1,5,0.004669702125399876
trio1,30,0.1,5,0.038879448918526224
trio2,30,0.1,5,0.09948079626210507
trio3,30,0.1,5,0.6125848579548365
trio4,30,0.1,5,-0.07641734906885762
trio1,2,0.1,10,0.2154003223468155
trio2,2,0.1,10,-0.03163814251559304
trio3,2,0.1,10,0.3727422717628454
trio4,2,0.1,10,0.008085909243598581
trio1,4,0.1,10,0.12205548689744006
trio2,4,0.1,10,0.12473875846527827
trio3,4,0.1,10,0.4947676980621447
trio4,4,0.1,10,0.07132734697329168
trio1,6,0.1,10,0.1301503763014363
trio2,6,0.1,10,0.21847181979611657
trio3,6,0.1,10,0.5424896421103844
trio4,6,0.1,10,0.1605146688329352
trio1,8,0.1,10,0.15356826674362467
trio2,8,0.1,10,0.19124370651695008
trio3,8,0.1,10,0.493571301319207
trio4,8,0.1,10,0.1796860434593605
trio1,10,0.1,10,0.17906802006125566
trio2,10,0.1,10,0.16594866561239846
trio3,10,0.1,10,0.4703321415436666
trio4,10,0.1,10,0.21370410011110652
trio1,12,0.1,10,0.32177011566671765
trio2,12,0.1,10,0.11968094241053506
trio3,12,0.1,10,0.459924669770884
trio4,12,0.1,10,0.16906561716663587
trio1,14,0.1,10,0.33584723946727685
trio2,14,0.1,10,0.12634395699378986
trio3,14,0.1,10,0.4930169163155236
trio4,14,0.1,10,0.10911032986847796
trio1,16,0.1,10,0.25943691649167716
trio2,16,0.1,10,0.12540923847916155
trio3,16,0.1,10,0.5373280195213993
trio4,16,0.1,10,0.11400850192342016
trio1,18,0.1,10,0.21510968706482306
trio2,18,0.1,10,0.12002277409288532
trio3,18,0.1,10,0.5772699869514186
trio4,18,0.1,10,0.14595128654368145
trio1,20,0.1,10,0.16416268988458338
trio2,20,0.1,10,0.12776454097716275
trio3,20,0.1,10,0.5858688801945032
trio4,20,0.1,10,0.1475437689984005
trio1,25,0.1,10,0.03674836500252611
trio2,25,0.1,10,0.08517892830565227
trio3,25,0.1,10,0.5920803551695684
trio4,25,0.1,10,0.02571631661006373
trio1,30,0.1,10,0.04607143018448728
trio2,30,0.1,10,0.08531598980232033
trio3,30,0.1,10,0.617084256960255
trio4,30,0.1,10,-0.05586453557896462
trio1,2,0.1,20,0.16863007559299534
trio2,2,0.1,20,-0.11023148548256834
trio3,2,0.1,20,0.30029537825849956
trio4,2,0.1,20,0.06334344460594074
trio1,4,0.1,20,0.12919597896043206
trio2,4,0.1,20,0.09841290801342649
trio3,4,0.1,20,0.45850969511743384
trio4,4,0.1,20,0.09292635485701109
trio1,6,0.1,20,0.1268531965939396
trio2,6,0.1,20,0.21509897287805688
trio3,6,0.1,20,0.5433650367019741
trio4,6,0.1,20,0.14966833287112188
trio1,8,0.1,20,0.16151090567736023
trio2,8,0.1,20,0.2065185614682068
trio3,8,0.1,20,0.5063500180498413
trio4,8,0.1,20,0.17510118851980316
trio1,10,0.1,20,0.1947782355953948
trio2,10,0.1,20,0.15208780569705527
trio3,10,0.1,20,0.4856596231997303
trio4,10,0.1,20,0.21945592474644857
trio1,12,0.1,20,0.3154962511139063
trio2,12,0.1,20,0.11689922317499948
trio3,12,0.1,20,0.4730948193987768
trio4,12,0.1,20,0.18066453116444314
trio1,14,0.1,20,0.32103080493388364
trio2,14,0.1,20,0.1194659143345723
trio3,14,0.1,20,0.5023084416129338
trio4,14,0.1,20,0.11971756909143587
trio1,16,0.1,20,0.24042112230243823
trio2,16,0.1,20,0.11182528929949326
trio3,16,0.1,20,0.5373105243335214
trio4,16,0.1,20,0.11646899480562613
trio1,18,0.1,20,0.19872437944842103
trio2,18,0.1,20,0.09645575341547924
trio3,18,0.1,20,0.5771841480920529
trio4,18,0.1,20,0.14448933661231228
trio1,20,0.1,20,0.15530068948093673
trio2,20,0.1,20,0.09414087692160587
trio3,20,0.1,20,0.583925359561413
trio4,20,0.1,20,0.14761290678454542
trio1,25,0.1,20,0.03277189141720272
trio2,25,0.1,20,0.055328401991065854
trio3,25,0.1,20,0.5877669914893975
trio4,25,0.1,20,0.026760492405018807
trio1,30,0.1,20,0.04569773400272632
trio2,30,0.1,20,0.07463329405315026
trio3,30,0.1,20,0.6115790840564189
trio4,30,0.1,20,-0.044228159770519075
trio1,2,0.1,50,-0.006269632707564211
trio2,2,0.1,50,-0.023326182297926747
trio3,2,0.1,50,0.11688965108802095
trio4,2,0.1,50,0.03830630752233473
trio1,4,0.1,50,0.07771245261485146
trio2,4,0.1,50,0.10208875858788721
trio3,4,0.1,50,0.34652859113613455
trio4,4,0.1,50,0.08199254831592914
trio1,6,0.1,50,0.16465081430226453
trio2,6,0.1,50,0.13745882354899006
trio3,6,0.1,50,0.47255021043885626
trio4,6,0.1,50,0.14198690224874827
trio1,8,0.1,50,0.17645562977911866
trio2,8,0.1,50,0.18505185237596805
trio3,8,0.1,50,0.43384841718824574
trio4,8,0.1,50,0.16324837897340094
trio1,10,0.1,50,0.20687157194971967
trio2,10,0.1,50,0.1785900407058825
trio3,10,0.1,50,0.42722913804307827
trio4,10,0.1,50,0.19485435008621302
trio1,12,0.1,50,0.28708063805724116
trio2,12,0.1,50,0.1830779335240695
trio3,12,0.1,50,0.41663895748321617
trio4,12,0.1,50,0.15394990230418404
trio1,14,0.1,50,0.2866582677673699
trio2,14,0.1,50,0.1792238200436299
trio3,14,0.1,50,0.44406439526579744
trio4,14,0.1,50,0.111510686896524
trio1,16,0.1,50,0.21797997764761595
trio2,16,0.1,50,0.18719286920117006
trio3,16,0.1,50,0.480474129787935
trio4,16,0.1,50,0.10128966286417306
trio1,18,0.1,50,0.18839409067851157
trio2,18,0.1,50,0.18210705453844248
trio3,18,0.1,50,0.5383018168696243
trio4,18,0.1,50,0.12177462188801629
trio1,20,0.1,50,0.1280659544671473
trio2,20,0.1,50,0.17713841193786642
trio3,20,0.1,50,0.557403916463961
trio4,20,0.1,50,0.12591662755525315
trio1,25,0.1,50,0.03894036008881257
trio2,25,0.1,50,0.07328715243927961
trio3,25,0.1,50,0.579818278982966
trio4,25,0.1,50,0.005327775242247701
trio1,30,0.1,50,0.0464420601771023
trio2,30,0.1,50,0.08056783451609455
trio3,30,0.1,50,0.5931979123627321
trio4,30,0.1,50,-0.029542348062511943
trio1,2,0.1,100,0.017007744099508483
trio2,2,0.1,100,0.04190298901359195
trio3,2,0.1,100,0.219063858940657
trio4,2,0.1,100,0.08268692494293589
trio1,4,0.1,100,-0.004020876342841286
trio2,4,0.1,100,0.15176664414910307
trio3,4,0.1,100,0.11796822330267075
trio4,4,0.1,100,0.15600022687805343
trio1,6,0.1,100,0.11102799482288134
trio2,6,0.1,100,-0.1169298849728285
trio3,6,0.1,100,0.25053357968395046
trio4,6,0.1,100,0.16248744852509833
trio1,8,0.1,100,0.15800062293112732
trio2,8,0.1,100,0.04654310888364938
trio3,8,0.1,100,0.3198601679904216
trio4,8,0.1,100,0.14303447253135068
trio1,10,0.1,100,0.1883256904045342
trio2,10,0.1,100,0.1547440096456809
trio3,10,0.1,100,0.32688401123553146
trio4,10,0.1,100,0.15536300735184283
trio1,12,0.1,100,0.22859741865149466
trio2,12,0.1,100,0.13190340466316586
trio3,12,0.1,100,0.32059964124374196
trio4,12,0.1,100,0.11648642655052086
trio1,14,0.1,100,0.23865510228751702
trio2,14,0.1,100,0.14367804049843436
trio3,14,0.1,100,0.3648760873984922
trio4,14,0.1,100,0.09506980205860438
trio1,16,0.1,100,0.16390918542016744
trio2,16,0.1,100,0.13341028844675124
trio3,16,0.1,100,0.3946011817071121
trio4,16,0.1,100,0.09697648154531131
trio1,18,0.1,100,0.1505068547338166
trio2,18,0.1,100,0.1141058753645632
trio3,18,0.1,100,0.4449113819743242
trio4,18,0.1,100,0.0996782247464636
trio1,20,0.1,100,0.07857259027930068
trio2,20,0.1,100,0.13341186583684972
trio3,20,0.1,100,0.46428030981088897
trio4,20,0.1,100,0.10476611504807412
trio1,25,0.1,100,-0.04368178856359525
trio2,25,0.1,100,0.06202135007386958
trio3,25,0.1,100,0.5138815707404111
trio4,25,0.1,100,0.07393820250022147
trio1,30,0.1,100,-0.060542740478599734
trio2,30,0.1,100,0.10167692748779954
trio3,30,0.1,100,0.5597734335194904
trio4,30,0.1,100,0.03328685761610092
trio1,2,1,5,0.22835726228748215
trio2,2,1,5,-0.08257986972172959
trio3,2,1,5,0.3887926966126516
trio4,2,1,5,0.005859358137187073
trio1,4,1,5,0.11376440092658907
trio2,4,1,5,0.13808335462998383
trio3,4,1,5,0.49018778248164435
trio4,4,1,5,0.053577615557086566
trio1,6,1,5,0.12968291804431323
trio2,6,1,5,0.27088016483334426
trio3,6,1,5,0.531241902792485
trio4,6,1,5,0.13497981571395343
trio1,8,1,5,0.16408290113024204
trio2,8,1,5,0.25828181150794693
trio3,8,1,5,0.4912229400211877
trio4,8,1,5,0.17000464044665925
trio1,10,1,5,0.1863539969511894
trio2,10,1,5,0.20926074545950957
trio3,10,1,5,0.46688434285422453
trio4,10,1,5,0.20291148451271512
trio1,12,1,5,0.3244065989269216
trio2,12,1,5,0.14997144815641508
trio3,12,1,5,0.4581999750422958
trio4,12,1,5,0.15029389423819128
trio1,14,1,5,0.33591119474713793
trio2,14,1,5,0.15436254324415763
trio3,14,1,5,0.48767722977756095
trio4,14,1,5,0.09146126347544177
trio1,16,1,5,0.2621506299166176
trio2,16,1,5,0.15125379492982777
trio3,16,1,5,0.531585117432529
trio4,16,1,5,0.09884375846211524
trio1,18,1,5,0.21039331607029038
trio2,18,1,5,0.13881256007076587
trio3,18,1,5,0.5671074636000073
trio4,18,1,5,0.12627723193162416
trio1,20,1,5,0.16610113186537098
trio2,20,1,5,0.14554431914352428
trio3,20,1,5,0.5705136628704088
trio4,20,1,5,0.13275995578494054
trio1,25,1,5,0.030495862641611436
trio2,25,1,5,0.09706438539045813
trio3,25,1,5,0.5940558278024048
trio4,25,1,5,0.004670242966095466
trio1,30,1,5,0.03887954955097043
trio2,30,1,5,0.09948110778705435
trio3,30,1,5,0.6125849996750834
trio4,30,1,5,-0.0764169178528964
trio1,2,1,10,0.21540291628737984
trio2,2,1,10,-0.03150511210290594
trio3,2,1,10,0.3727998890658145
trio4,2,1,10,0.00810225788374883
trio1,4,1,10,0.12205252220236312
trio2,4,1,10,0.12481785365608353
trio3,4,1,10,0.494788869757296
trio4,4,1,10,0.07133066425240185
trio1,6,1,10,0.13014996502749246
trio2,6,1,10,0.21848730946202155
trio3,6,1,10,0.5424971742243069
trio4,6,1,10,0.16051707152651956
trio1,8,1,10,0.15357051630214705
trio2,8,1,10,0.19125691946533907
trio3,8,1,10,0.4935754360897606
trio4,8,1,10,0.17968934225081828
trio1,10,1,10,0.17907268731008574
trio2,10,1,10,0.16595526080336132
trio3,10,1,10,0.4703344306237447
trio4,10,1,10,0.2137050735704663
trio1,12,1,10,0.32177253440290404
trio2,12,1,10,0.11968558502509066
trio3,12,1,10,0.4599266068363601
trio4,12,1,10,0.16906594956061688
trio1,14,1,10,0.3358484534665705
trio2,14,1,10,0.12634784127155613
trio3,14,1,10,0.49301866931446847
trio4,14,1,10,0.10911043649947895
trio1,16,1,10,0.25943893244960714
trio2,16,1,10,0.1254128550604803
trio3,16,1,10,0.5373294726848419
trio4,16,1,10,0.11400870702693978
trio1,18,1,10,0.21511183829951616
trio2,18,1,10,0.12002701333861585
trio3,18,1,10,0.5772712379964313
trio4,18,1,10,0.14595083000459852
trio1,20,1,10,0.16416412952941856
trio2,20,1,10,0.12776813258865755
trio3,20,1,10,0.5858700639329373
trio4,20,1,10,0.14754342878759746
trio1,25,1,10,0.03674895454026168
trio2,25,1,10,0.08518002399594671
trio3,25,1,10,0.5920811007648927
trio4,25,1,10,0.02571722717607934
trio1,30,1,10,0.04607167957481213
trio2,30,1,10,0.08531671474359277
trio3,30,1,10,0.617084472878735
trio4,30,1,10,-0.05586382716370157
trio1,2,1,20,0.16940648106143236
trio2,2,1,20,-0.1084313365261805
trio3,2,1,20,0.30078957252346517
trio4,2,1,20,0.06332139871888977
trio1,4,1,20,0.12920719183562684
trio2,4,1,20,0.09864796038455542
trio3,4,1,20,0.4586036530715292
trio4,4,1,20,0.0929088214109208
trio1,6,1,20,0.12687203693311536
trio2,6,1,20,0.21511984175785465
trio3,6,1,20,0.543388111225551
trio4,6,1,20,0.14967126631095967
trio1,8,1,20,0.16151407668581488
trio2,8,1,20,0.2065252536590092
trio3,8,1,20,0.5063575565100782
trio4,8,1,20,0.1751088937879607
trio1,10,1,20,0.19478190222697134
trio2,10,1,20,0.15211063888324633
trio3,10,1,20,0.48566027238697085
trio4,10,1,20,0.21945708740765976
trio1,12,1,20,0.3155008730548436
trio2,12,1,20,0.11690813656722363
trio3,12,1,20,0.4730945063126976
trio4,12,1,20,0.1806638635870441
trio1,14,1,20,0.3210322035681391
trio2,14,1,20,0.11947602573129477
trio3,14,1,20,0.5023092964641224
trio4,14,1,20,0.11971670226422562
trio1,16,1,20,0.24042585084423615
trio2,16,1,20,0.11183431981942576
trio3,16,1,20,0.5373128635768548
trio4,16,1,20,0.11646917605668507
trio1,18,1,20,0.1987291467613016
trio2,18,1,20,0.0964709941599986
trio3,18,1,20,0.5771861107412819
trio4,18,1,20,0.14448853987343382
trio1,20,1,20,0.1553031451159475
trio2,20,1,20,0.09415563846354788
trio3,20,1,20,0.5839273980927671
trio4,20,1,20,0.1476114957844814
trio1,25,1,20,0.0327726989524429
trio2,25,1,20,0.05533485808292141
trio3,25,1,20,0.5877684916040666
trio4,25,1,20,0.026761537522341172
trio1,30,1,20,0.04569788978739049
trio2,30,1,20,0.07463582173798468
trio3,30,1,20,0.611579615052314
trio4,30,1,20,-0.044227524468823234
trio1,2,1,50,0.026257382606481257
trio2,2,1,50,-0.15263984988162949
trio3,2,1,50,0.17853104724866928
trio4,2,1,50,0.05171627323884249
trio1,4,1,50,0.07925843773935765
trio2,4,1,50,0.10356802531914847
trio3,4,1,50,0.348621358761257
trio4,4,1,50,0.08228000215346415
trio1,6,1,50,0.16473846074790038
trio2,6,1,50,0.13836025847504857
trio3,6,1,50,0.47287194949778966
trio4,6,1,50,0.14194688500275865
trio1,8,1,50,0.17644438347110963
trio2,8,1,50,0.18514094379821802
trio3,8,1,50,0.4339953228037027
trio4,8,1,50,0.16324026925733154
trio1,10,1,50,0.2068769905501157
trio2,10,1,50,0.17859198822232172
trio3,10,1,50,0.42728590398746946
trio4,10,1,50,0.19483075019126364
trio1,12,1,50,0.287117926025661
trio2,12,1,50,0.1830451009300566
trio3,12,1,50,0.41667711575989924
trio4,12,1,50,0.15394147314217974
trio1,14,1,50,0.28667062887226197
trio2,14,1,50,0.17924479219913253
trio3,14,1,50,0.4440888401329891
trio4,14,1,50,0.111501121700991
trio1,16,1,50,0.2179809893308924
trio2,16,1,50,0.1872053616233737
trio3,16,1,50,0.4804946477755981
trio4,16,1,50,0.10129039799310202
trio1,18,1,50,0.18839336692908137
trio2,18,1,50,0.18211457013433827
trio3,18,1,50,0.5383173534319792
trio4,18,1,50,0.12177342904061472
trio1,20,1,50,0.1280694691993931
trio2,20,1,50,0.17714523669740873
trio3,20,1,50,0.5574159163636474
trio4,20,1,50,0.12591336300033967
trio1,25,1,50,0.038936009280600495
trio2,25,1,50,0.07330637168378096
trio3,25,1,50,0.5798221283075682
trio4,25,1,50,0.0053313969847698164
trio1,30,1,50,0.04643881120784703
trio2,30,1,50,0.08058055627762148
trio3,30,1,50,0.5932003274512527
trio4,30,1,50,-0.02954382497554809
trio1,2,1,100,0.029039578077724927
trio2,2,1,100,-0.05298849458027028
trio3,2,1,100,0.22612752667679484
trio4,2,1,100,0.08270565718545989
trio1,4,1,100,0.005024112552140371
trio2,4,1,100,0.04116616427446375
trio3,4,1,100,0.15700639524565513
trio4,4,1,100,0.16200577237103678
trio1,6,1,100,0.11276100455342278
trio2,6,1,100,-0.09447802582262071
trio3,6,1,100,0.26133936902274946
trio4,6,1,100,0.1656324763694972
trio1,8,1,100,0.1584199892336759
trio2,8,1,100,0.05003236270854494
trio3,8,1,100,0.3210622767596999
trio4,8,1,100,0.14388242522244915
trio1,10,1,100,0.18854137909623547
trio2,10,1,100,0.15513657364128236
trio3,10,1,100,0.3272393311574019
trio4,10,1,100,0.15556067495902548
trio1,12,1,100,0.22864374031365456
trio2,12,1,100,0.1323488041259943
trio3,12,1,100,0.32092953140923824
trio4,12,1,100,0.11663422452756875
trio1,14,1,100,0.23858813338531132
trio2,14,1,100,0.14397833060562998
trio3,14,1,100,0.3651569484639624
trio4,14,1,100,0.09512263266588906
trio1,16,1,100,0.16390720150447527
trio2,16,1,100,0.1336969103024575
trio3,16,1,100,0.39479933590308813
trio4,16,1,100,0.09698122666689679
trio1,18,1,100,0.1505067120404042
trio2,18,1,100,0.11428873094663874
trio3,18,1,100,0.4450646464399272
trio4,18,1,100,0.09969587929085363
trio1,20,1,100,0.07857587203935001
trio2,20,1,100,0.13348235641300596
trio3,20,1,100,0.464381609866847
trio4,20,1,100,0.1047704403809202
trio1,25,1,100,-0.04368723825224827
trio2,25,1,100,0.062072698690105774
trio3,25,1,100,0.5139173957845978
trio4,25,1,100,0.07393422686209057
trio1,30,1,100,-0.06054776973702131
trio2,30,1,100,0.10169357706621551
trio3,30,1,100,0.5597801766206559
trio4,30,1,100,0.03328396609854348
trio1,2,10,5,0.2283809641744622
trio2,2,10,5,-0.08209211290035928
trio3,2,10,5,0.3889737434277172
trio4,2,10,5,0.005850604217812055
trio1,4,10,5,0.11375764502227032
trio2,4,10,5,0.13842579729732957
trio3,4,10,5,0.4902752943650782
trio4,4,10,5,0.05358541511592222
trio1,6,10,5,0.12968628557226722
trio2,6,10,5,0.2709503909339449
trio3,6,10,5,0.531275960001883
trio4,6,10,5,0.13499193214276067
trio1,8,10,5,0.1640937939157217
trio2,8,10,5,0.25832082908713855
trio3,8,10,5,0.49124263754164466
trio4,8,10,5,0.1700189777445238
trio1,10,10,5,0.18637637425196654
trio2,10,10,5,0.2092958353202345
trio3,10,10,5,0.46689616940640316
trio4,10,10,5,0.20291514058428797
trio1,12,10,5,0.3244182530674362
trio2,12,10,5,0.1499969140136319
trio3,12,10,5,0.45820962845425256
trio4,12,10,5,0.15029540517547502
trio1,14,10,5,0.3359181009547769
trio2,14,10,5,0.1543817185113353
trio3,14,10,5,0.4876863160367737
trio4,14,10,5,0.09146207991096154
trio1,16,10,5,0.2621612046810874
trio2,16,10,5,0.15127052524755374
trio3,16,10,5,0.5315923379349088
trio4,16,10,5,0.09884471738517991
trio1,18,10,5,0.21040535417158335
trio2,18,10,5,0.13883316971380166
trio3,18,10,5,0.5671146169541652
trio4,18,10,5,0.12627519919463284
trio1,20,10,5,0.16610879971621012
trio2,20,10,5,0.1455607868944796
trio3,20,10,5,0.5705208263116586
trio4,20,10,5,0.13275849954879493
trio1,25,10,5,0.030498814620630844
trio2,25,10,5,0.09706945549075846
trio3,25,10,5,0.5940598646932775
trio4,25,10,5,0.0046756511703742315
trio1,30,10,5,0.038880555886265336
trio2,30,10,5,0.09948422280979023
trio3,30,10,5,0.61258641671782
trio4,30,10,5,-0.0764126058362099
trio1,2,10,10,0.21542812699221553
trio2,2,10,10,-0.030178988290324404
trio3,2,10,10,0.37337108493911303
trio4,2,10,10,0.008264843546376556
trio1,4,10,10,0.12202289115110058
trio2,4,10,10,0.1256058734152864
trio3,4,10,10,0.4950001890086486
trio4,4,10,10,0.07136389763986414
trio1,6,10,10,0.13014588940427338
trio2,6,10,10,0.2186419438620663
trio3,6,10,10,0.5425724171756042
trio4,6,10,10,0.16054108801180061
trio1,8,10,10,0.1535930169104217
trio2,8,10,10,0.19138886810600408
trio3,8,10,10,0.4936167558356903
trio4,8,10,10,0.17972231576858302
trio1,10,10,10,0.1791193466114577
trio2,10,10,10,0.16602116460140878
trio3,10,10,10,0.470357308504655
trio4,10,10,10,0.21371480487046235
trio1,12,10,10,0.32179671706405377
trio2,12,10,10,0.11973198909339479
trio3,12,10,10,0.4599459693435559
trio4,12,10,10,0.16906927349597708
trio1,14,10,10,0.33586059334851104
trio2,14,10,10,0.12638666726328618
trio3,14,10,10,0.49303619167043744
trio4,14,10,10,0.10911150291132478
trio1,16,10,10,0.25945908999352185
trio2,16,10,10,0.1254490083795896
trio3,16,10,10,0.5373439991494872
trio4,16,10,10,0.11401075700076445
trio1,18,10,10,0.21513334801716746
trio2,18,10,10,0.12006938879843854
trio3,18,10,10,0.5772837451359724
trio4,18,10,10,0.14594626567954633
trio1,20,10,10,0.16417852438270095
trio2,20,10,10,0.12780403540395538
trio3,20,10,10,0.5858818987133804
trio4,20,10,10,0.1475400279837245
trio1,25,10,10,0.036754849853980656
trio2,25,10,10,0.08519097908538109
trio3,25,10,10,0.5920885554202493
trio4,25,10,10,0.02572633221206244
trio1,30,10,10,0.046074173427676085
trio2,30,10,10,0.08532396294814586
trio3,30,10,10,0.6170866315323953
trio4,30,10,10,-0.055856743498279446
trio1,2,10,20,0.1760904586404935
trio2,2,10,20,-0.09317064107032298
trio3,2,10,20,0.30537905430153883
trio4,2,10,20,0.06295896863637386
trio1,4,10,20,0.12931502368401818
trio2,4,10,20,0.10094677690643747
trio3,4,10,20,0.459531829557049
trio4,4,10,20,0.09273545239484006
trio1,6,10,20,0.12705770391944438
trio2,6,10,20,0.21532696924716999
trio3,6,10,20,0.5436172598325837
trio4,6,10,20,0.14970110179926505
trio1,8,10,20,0.16154570966633247
trio2,8,10,20,0.20659257358236172
trio3,8,10,20,0.5064326067971201
trio4,8,10,20,0.17518584225738207
trio1,10,10,20,0.19481875830885717
trio2,10,10,20,0.1523376944300757
trio3,10,10,20,0.48566682660081284
trio4,10,10,20,0.21946868256846008
trio1,12,10,20,0.3155470914822618
trio2,12,10,20,0.11699705972699709
trio3,12,10,20,0.4730914825709772
trio4,12,10,20,0.18065719728498353
trio1,14,10,20,0.3210462570205019
trio2,14,10,20,0.11957688435203317
trio3,14,10,20,0.5023178818395162
trio4,14,10,20,0.1197080572546662
trio1,16,10,20,0.24047313613085433
trio2,16,10,20,0.11192453351258208
trio3,16,10,20,0.5373362420610809
trio4,16,10,20,0.11647099140817155
trio1,18,10,20,0.19877681872447545
trio2,18,10,20,0.09662309513617834
trio3,18,10,20,0.5772057267925048
trio4,18,10,20,0.14448057952263002
trio1,20,10,20,0.1553277120150297
trio2,20,10,20,0.09430298988820421
trio3,20,10,20,0.5839477720064329
trio4,20,10,20,0.14759740908956842
trio1,25,10,20,0.03278078497985033
trio2,25,10,20,0.05539932908329982
trio3,25,10,20,0.5877834849681329
trio4,25,10,20,0.02677200025043036
trio1,30,10,20,0.045699453269982995
trio2,30,10,20,0.0746610793033903
trio3,30,10,20,0.6115849221591529
trio4,30,10,20,-0.044221163907691964
trio1,2,10,50,0.09710000998527298
trio2,2,10,50,-0.1624757478388044
trio3,2,10,50,0.26348946734587575
trio4,2,10,50,0.06323546854933876
trio1,4,10,50,0.0909630359441877
trio2,4,10,50,0.11309080848067088
trio3,4,10,50,0.36523819413679404
trio4,4,10,50,0.08423771830793786
trio1,6,10,50,0.16551098135497405
trio2,6,10,50,0.14611884510818965
trio3,6,10,50,0.4758682399865122
trio4,6,10,50,0.141563170843634
trio1,8,10,50,0.17633459904368798
trio2,8,10,50,0.1859591302844473
trio3,8,10,50,0.4354171002096243
trio4,8,10,50,0.16316351594764683
trio1,10,10,50,0.20693200124784888
trio2,10,10,50,0.17860701369882329
trio3,10,10,50,0.427843413336794
trio4,10,10,50,0.19460050847709112
trio1,12,10,50,0.28748494657212764
trio2,12,10,50,0.18272290817898298
trio3,12,10,50,0.4170543817317184
trio4,12,10,50,0.15385832988431847
trio1,14,10,50,0.28679311185969425
trio2,14,10,50,0.1794479682466655
trio3,14,10,50,0.4443319356412517
trio4,14,10,50,0.11140696525317319
trio1,16,10,50,0.21799197237353077
trio2,16,10,50,0.18732539623336417
trio3,16,10,50,0.48069902473074316
trio4,16,10,50,0.1012981802975608
trio1,18,10,50,0.18838696350616174
trio2,18,10,50,0.18218830470112757
trio3,18,10,50,0.5384720319156723
trio4,18,10,50,0.12176176691706984
trio1,20,10,50,0.12810505271676695
trio2,20,10,50,0.1772127655583228
trio3,20,10,50,0.5575353642246563
trio4,20,10,50,0.12588097037571938
trio1,25,10,50,0.038892829695858985
trio2,25,10,50,0.07349725854481297
trio3,25,10,50,0.579860520974365
trio4,25,10,50,0.005367696320865957
trio1,30,10,50,0.04640652638731582
trio2,30,10,50,0.08070706357779446
trio3,30,10,50,0.5932244311451031
trio4,30,10,50,-0.029558437353838
trio1,2,10,100,0.07364687425044271
trio2,2,10,100,-0.10015247473909356
trio3,2,10,100,0.2548987704783837
trio4,2,10,100,0.08132578545611352
trio1,4,10,100,0.05743552977584946
trio2,4,10,100,0.009094453243718149
trio3,4,10,100,0.2568711684542727
trio4,4,10,100,0.14621285347037824
trio1,6,10,100,0.1195174156447576
trio2,6,10,100,-0.005555965028660181
trio3,6,10,100,0.3133865618522339
trio4,6,10,100,0.17196582726917223
trio1,8,10,100,0.16088540436278537
trio2,8,10,100,0.07608714984443544
trio3,8,10,100,0.33060490399708886
trio4,8,10,100,0.14974525436714126
trio1,10,10,100,0.19031273082828615
trio2,10,10,100,0.15812027357337533
trio3,10,10,100,0.33059014674767406
trio4,10,10,100,0.15734590709036575
trio1,12,10,100,0.2290595737316295
trio2,12,10,100,0.13637272990456697
trio3,12,10,100,0.324071009916852
trio4,12,10,100,0.11798972486966786
trio1,14,10,100,0.23794804530502417
trio2,14,10,100,0.14679792399156266
trio3,14,10,100,0.36784949939048517
trio4,14,10,100,0.09561265564876321
trio1,16,10,100,0.16388777450698655
trio2,16,10,100,0.13639137588728303
trio3,16,10,100,0.3967277019233407
trio4,16,10,100,0.09702635216959218
trio1,18,10,100,0.15050640692070544
trio2,18,10,100,0.11605032636941616
trio3,18,10,100,0.44656291901063994
trio4,18,10,100,0.09986971621447224
trio1,20,10,100,0.07860909028384055
trio2,20,10,100,0.13417354191922945
trio3,20,10,100,0.4653780789578794
trio4,20,10,100,0.10481350848021456
trio1,25,10,100,-0.04374089019851814
trio2,25,10,100,0.06257666199527213
trio3,25,10,100,0.5142720293721249
trio4,25,10,100,0.07389503781017864
trio1,30,10,100,-0.06059612167774152
trio2,30,10,100,0.1018574825534761
trio3,30,10,100,0.559847283747215
trio4,30,10,100,0.03325534619472908
trio1,2,100,5,0.2285754838225992
trio2,2,100,5,-0.07725748271587915
trio3,2,100,5,0.3907421555434106
trio4,2,100,5,0.0057814631269100004
trio1,4,100,5,0.11368890835147918
trio2,4,100,5,0.14179541084747627
trio3,4,100,5,0.49114336634415784
trio4,4,100,5,0.05366563872686945
trio1,6,100,5,0.1297201422665708
trio2,6,100,5,0.2716441310501449
trio3,6,100,5,0.5316150155180409
trio4,6,100,5,0.13511294897991066
trio1,8,100,5,0.16420273410807001
trio2,8,100,5,0.25870820148385176
trio3,8,100,5,0.4914389658745369
trio4,8,100,5,0.1701620387002471
trio1,10,100,5,0.1865998310259544
trio2,10,100,5,0.20964510052997276
trio3,10,100,5,0.46701412235452877
trio4,10,100,5,0.20295165954797312
trio1,12,100,5,0.324534693689719
trio2,12,100,5,0.1502508620479605
trio3,12,100,5,0.4583059664768017
trio4,12,100,5,0.1503105234657922
trio1,14,100,5,0.33598714551358433
trio2,14,100,5,0.15457298826208038
trio3,14,100,5,0.4877769818077585
trio4,14,100,5,0.09147024760068212
trio1,16,100,5,0.2622668958916874
trio2,16,100,5,0.15143752044046555
trio3,16,100,5,0.5316644162841302
trio4,16,100,5,0.09885428042691093
trio1,18,100,5,0.21052565832572637
trio2,18,100,5,0.13903885352279527
trio3,18,100,5,0.5671860586393258
trio4,18,100,5,0.12625489762103784
trio1,20,100,5,0.16618543338622568
trio2,20,100,5,0.145725171517567
trio3,20,100,5,0.5705923834982808
trio4,20,100,5,0.13274396496512234
trio1,25,100,5,0.03052833454963169
trio2,25,100,5,0.09712011761560504
trio3,25,100,5,0.5941001976134543
trio4,25,100,5,0.004729712943993998
trio1,30,100,5,0.03889062032178493
trio2,30,100,5,0.09951535036590796
trio3,30,100,5,0.6126005711854374
trio4,30,100,5,-0.07636949995650874
trio1,2,100,10,0.2156101764062536
trio2,2,100,10,-0.017481391953916743
trio3,2,100,10,0.3786515823483681
trio4,2,100,10,0.009811656630345219
trio1,4,100,10,0.12172823438341296
trio2,4,100,10,0.1332036119521866
trio3,4,100,10,0.4970746426900985
trio4,4,100,10,0.07170188818201337
trio1,6,100,10,0.130108793579644
trio2,6,100,10,0.22016238538947627
trio3,6,100,10,0.5433171230880041
trio4,6,100,10,0.16078020239145369
trio1,8,100,10,0.1538185143490087
trio2,8,100,10,0.19269050788738956
trio3,8,100,10,0.4940271771118483
trio4,8,100,10,0.18005060966208797
trio1,10,100,10,0.17958462600610703
trio2,10,100,10,0.166675423373887
trio3,10,100,10,0.47058480313137663
trio4,10,100,10,0.21381178644144005
trio1,12,100,10,0.32203807522077355
trio2,12,100,10,0.12019383439316303
trio3,12,100,10,0.46013878292763616
trio4,12,100,10,0.16910251022113354
trio1,14,100,10,0.33598198071334445
trio2,14,100,10,0.12677325646438325
trio3,14,100,10,0.493210654972058
trio4,14,100,10,0.1091221763557842
trio1,16,100,10,0.2596604619938496
trio2,16,100,10,0.1258092952216865
trio3,16,100,10,0.5374887485998473
trio4,16,100,10,0.11403115082081532
trio1,18,100,10,0.2153481825924717
trio2,18,100,10,0.12049144999373594
trio3,18,100,10,0.577408486457579
trio4,18,100,10,0.14590072865998077
trio1,20,100,10,0.1643223136922478
trio2,20,100,10,0.1281617379925245
trio3,20,100,10,0.5859999867902907
trio4,20,100,10,0.1475061498779756
trio1,25,100,10,0.03681379662355086
trio2,25,100,10,0.08530034859495608
trio3,25,100,10,0.5921629724206638
trio4,25,100,10,0.02581732011657216
trio1,30,100,10,0.04609910691550605
trio2,30,100,10,0.08539632426736218
trio3,30,100,10,0.6171081650512902
trio4,30,100,10,-0.05578595552131597
trio1,2,100,20,0.2031218121561853
trio2,2,100,20,-0.026032377065380845
trio3,2,100,20,0.334446071290052
trio4,2,100,20,0.05641664826070161
trio1,4,100,20,0.1300418626504831
trio2,4,100,20,0.12017254317154147
trio3,4,100,20,0.46785761985526675
trio4,4,100,20,0.09121301901602882
trio1,6,100,20,0.12867413895935892
trio2,6,100,20,0.217274228269831
trio3,6,100,20,0.5457644998366049
trio4,6,100,20,0.15004362615366595
trio1,8,100,20,0.16185521819671034
trio2,8,100,20,0.20730473870983213
trio3,8,100,20,0.5071521802720174
trio4,8,100,20,0.17594502790818234
trio1,10,100,20,0.19520511721749884
trio2,10,100,20,0.1544907080152382
trio3,10,100,20,0.4857381993503163
trio4,10,100,20,0.21958163483803425
trio1,12,100,20,0.3160091029521268
trio2,12,100,20,0.11786681817286448
trio3,12,100,20,0.4730714388343783
trio4,12,100,20,0.18059146701604106
trio1,14,100,20,0.3211932316876812
trio2,14,100,20,0.12056137395564825
trio3,14,100,20,0.5024072418640255
trio4,14,100,20,0.11962386201158662
trio1,16,100,20,0.24094591806711807
trio2,16,100,20,0.1128177599448105
trio3,16,100,20,0.5375686341968923
trio4,16,100,20,0.11648940998007731
trio1,18,100,20,0.1992533766590479
trio2,18,100,20,0.0981144043761201
trio3,18,100,20,0.5774008562918824
trio4,18,100,20,0.14440166662706896
trio1,20,100,20,0.15557439564910103
trio2,20,100,20,0.09575076783023226
trio3,20,100,20,0.5841503877982621
trio4,20,100,20,0.1474588329490774
trio1,25,100,20,0.0328626910466931
trio2,25,100,20,0.056035221078828384
trio3,25,100,20,0.5879326488953263
trio4,25,100,20,0.026877759800913142
trio1,30,100,20,0.045715642939731765
trio2,30,100,20,0.07491174951099243
trio3,30,100,20,0.6116377093941988
trio4,30,100,20,-0.0441568154709883
trio1,2,100,50,0.17187287438574433
trio2,2,100,50,-0.033252616360385095
trio3,2,100,50,0.3417448057257356
trio4,2,100,50,0.06162097602622166
trio1,4,100,50,0.12175390869137412
trio2,4,100,50,0.14393129994178935
trio3,4,100,50,0.42503314030966427
trio4,4,100,50,0.08659511751637453
trio1,6,100,50,0.16836744515947427
trio2,6,100,50,0.17978052652701054
trio3,6,100,50,0.4942475674923965
trio4,6,100,50,0.13901775013883927
trio1,8,100,50,0.175546371734986
trio2,8,100,50,0.1911225322947248
trio3,8,100,50,0.44626472062701855
trio4,8,100,50,0.1627420296955978
trio1,10,100,50,0.20757514385806528
trio2,10,100,50,0.17867300479593493
trio3,10,100,50,0.4326041563652472
trio4,10,100,50,0.19276480514722866
trio1,12,100,50,0.29068879690741045
trio2,12,100,50,0.18006831992287267
trio3,12,100,50,0.4204554869798811
trio4,12,100,50,0.15312946972536434
trio1,14,100,50,0.2879275701369258
trio2,14,100,50,0.18099320326075302
trio3,14,100,50,0.446638808425593
trio4,14,100,50,0.11059776880077042
trio1,16,100,50,0.21818294557208406
trio2,16,100,50,0.1881471507812077
trio3,16,100,50,0.48266776195663913
trio4,16,100,50,0.1014138976879894
trio1,18,100,50,0.18840069691046768
trio2,18,100,50,0.18281066962420586
trio3,18,100,50,0.5399547296411518
trio4,18,100,50,0.12166949208393646
trio1,20,100,50,0.12850106856138005
trio2,20,100,50,0.17782684784136482
trio3,20,100,50,0.5586784296138946
trio4,20,100,50,0.12558080766314011
trio1,25,100,50,0.03849246893858481
trio2,25,100,50,0.07528482743925669
trio3,25,100,50,0.5802348733711516
trio4,25,100,50,0.005738345963327174
trio1,30,100,50,0.046103373875870816
trio2,30,100,50,0.08190498492033198
trio3,30,100,50,0.5934608758123239
trio4,30,100,50,-0.02968945207494031
trio1,2,100,100,0.1247122959917567
trio2,2,100,100,-0.029865336171364686
trio3,2,100,100,0.3157297856116118
trio4,2,100,100,0.05865408909392836
trio1,4,100,100,0.09321494955301335
trio2,4,100,100,0.10062125755768575
trio3,4,100,100,0.3671982732915561
trio4,4,100,100,0.11116067163389283
trio1,6,100,100,0.13344437493810957
trio2,6,100,100,0.11878011181429231
trio3,6,100,100,0.403832482826929
trio4,6,100,100,0.1536482497032275
trio1,8,100,100,0.15864126926415112
trio2,8,100,100,0.14745250474927035
trio3,8,100,100,0.37115520221193254
trio4,8,100,100,0.1590781513830553
trio1,10,100,100,0.19574655495990395
trio2,10,100,100,0.17034092683214955
trio3,10,100,100,0.35381942226195484
trio4,10,100,100,0.16596830450235744
trio1,12,100,100,0.2313675113557969
trio2,12,100,100,0.15655912540158
trio3,12,100,100,0.34592886159471886
trio4,12,100,100,0.12508365066996335
trio1,14,100,100,0.23365107460820428
trio2,14,100,100,0.16370864809303487
trio3,14,100,100,0.387149974591001
trio4,14,100,100,0.09827773439186024
trio1,16,100,100,0.16387321402669094
trio2,16,100,100,0.15301218872856315
trio3,16,100,100,0.4120854910663764
trio4,16,100,100,0.0973680883481977
trio1,18,100,100,0.15064355776005858
trio2,18,100,100,0.1290469094794382
trio3,18,100,100,0.458894674328146
trio4,18,100,100,0.10139956364554231
trio1,20,100,100,0.07899821521119565
trio2,20,100,100,0.14001287517343303
trio3,20,100,100,0.47399834864381535
trio4,20,100,100,0.1052256095962015
trio1,25,100,100,-0.04418560093448151
trio2,25,100,100,0.06685649993656331
trio3,25,100,100,0.5175042349051668
trio4,25,100,100,0.0735534544005609
trio1,30,100,100,-0.06090635099890733
trio2,30,100,100,0.10327760356617353
trio3,30,100,100,0.560488235649522
trio4,30,100,100,0.032997508186047644
